$ANSIBLE_VAULT;1.1;AES256
31316431336233373938333233633462303963623434666235373631363365643133393235333262
6139326363333932376532613565336431643030343938310a646532373563613032613731376332
30613266383864613436323439646265333632613235646462316137636261326134366335623863
3937303333306531320a356363366338333333663866353937376437396633303035646135373766
38326630303466656236346665663631393738336436333534386438333236646161306661373136
34613765366633643438626465313135666535376233386433663762313338343237363136393064
37646637343431643434346165356334386234346432336437386231393461366362366538666266
65326237393064343934326236393166643031356335353463366639366131393634333266393734
61333666373865313638323039663864623436383336346334343339386630333633386136353061
36363035623535316336333162363162343664613466336238323234316635656236383066643038
39393063626661643761323864313530383161326461643836626331313266316465353562633764
35646164396439366439353733313265306631623465663961313861306138666165346132316134
30393930636535363466346366353030336135326562373337386663653434383535626438356530
39653031636132306132376663356634326538626465363965653737626266396665303361303637
31323861643163366231386466346463626537616231633535366266613030656637303666396466
30613062353035656130356232316537313264656635376335363138646438373465663862633030
65393461323763303863653433633062343166386138303562356335363434626163346461646133
38653830383737356661623933623334356635333236613639343635303830613538393236343861
373330336234303265326135626166376165
