$ANSIBLE_VAULT;1.1;AES256
62656364376663656665613761616336366332306334636365346637373263633231353232366661
6261373034353433656335333533353864316163343062360a393361396533393333306262656161
35633562303561663431666663636331346631393466656335616562303965383733323736653363
6534346235613163650a643937663334383933613930313966363066616433633237643163663837
37363165623433636632613637636538656132313266323938306231396662343539623235613337
39636139653737316535643236373732393433383861303533393765323364626532356664306464
37636633396565336465393331326331656334323337616331633464373039623637396239626666
38363135313265373539346636326165373232323465383932323461386465356138613061353866
66326463386236646334373830623434346530616539363164313837393836623939663861313033
61393566333831643161633965363439376366383766323464393662373635656234616131613834
63343233306363323036373937343030373163633739633436393330313736343436343430316131
35363230626139373262326530333465643662363163383532366531653239386666396165653937
33653638376135653131343932383762356162396331393437346336316237306663333430633031
62343533626337306531623233663138313331396438653931313862626639393835626237376262
66333230653333613136333130653935323135626439646238616435373436396439323064656361
39346662333463323061353135613732656263383930623331623061353435613932393764656336
30623335346661393836366336646431333237386532393062323032386463393339366666373131
39326430336163306663636331396235386231386438663531633630643462363338343237366537
61366235383330653961316462313730393135613333643434663530646434363934616535303639
33343863333035663164366135346265363861363561633130396532646338363337613561386237
39656638623731633032333562386632303966373863383037373436363435313361663731663064
63316438643235636635323034343337663261326166386235633934653362393363646635303964
61376633623466303364623063306165646238656561353533623936396665633134353764356430
65303532383062313136
