$ANSIBLE_VAULT;1.1;AES256
30653838303064613365646363346164326636363936306439646561393364386464366133343066
6566306335643837323834373639326435626531373637300a623962623331343934366538623939
35313762376435376365656663326538633436383130646230613739653435666439376535316237
3964363763623639620a656434353035323433333433353065366436393461353763643231396137
31373539656464383231353438383734633965346337666565346636663363343435343465373331
31336136303436306637623261643561376433623563633434623866626331393664353863663038
35333335666264393435386430373461633062633437396537336463636561303865306434356163
31336562323765373565626538366137353930626430303639383765613834613564313536396335
34633237393764316262343939353163343565613563613963393334393738616238306238663861
65306535316364326332643364633531623234303762323638636636303365333736313262656163
61373137363433393230626638663832623932643565373430623632636466313534393339366361
32656461613037303763663534623939383337386463356466303439346664343163336166323432
62383830363264616465363232343166326236643264653134306536356335316361393833613063
39643634663734303138343562323733353863343433613931393632643463643462373135393136
66643433396637303434333665323432316463653466316261656463343839323835386238643035
36373064346235333333343664323663653635306336623834396166316438363633353030656361
65373465353432636565326562346438326363613334386135343935303935613530653564373234
65643938663436633466623933323036626464393864336163663231353137666334326366636366
39663361623064336166656131656330626430616635356163376661333331623232393365633732
30623430663763363162623239633537343334316266366134376235346237633463626264323561
35633062376538623865323562396166353666623631363765383632653738666535666130393130
31393664663834363265653664316536316566323439656265616164386338383064316136643937
32366336643762373137376331633535376537363761626536343264623735636164643566636338
64613330643832336330353730663162336230376564346636376165393562333866313235393963
62636332373664623236346162313963336630386664326663666266636164333231643636623738
38313961323033623433636463326634643932663861356133323031353764633231383439306238
66306235326364396233303564336439353163333234613266653661326464363133383736306465
37343162343633343466386363356264646563326139303361383234343830343233643765633236
6163
