$ANSIBLE_VAULT;1.1;AES256
65326333316437326535313639623739356264343061313361616633643563306534333437363532
3362363961636262356531656632643833383164613639630a326636643239313761646632303864
66613166333439373266396139373332333330646461663034346437373464623233616466333961
6631333264383830340a333062356335633066313864363838623235343137313531366633663465
30656163306635313362396437386662623965373461396264656362386234353465303735346631
36646333366633303337633936646135626630656532353730653739376233376139366333313864
64613233343034396632643434336334383335663632613631346162653465343063626665346266
38346232386161306163323334366530633438316532663834313463616562323337323639646130
38623562663937643063333036643135333430383834386430393734303963363230333431633739
36363433633861353466636265653034636363356533313236346634306330346539653436353638
63336336376665343030626564373165376537346364353132633635353462613932646430363539
30663436313863353139393462306332396361303866616635323961386565613735376366326662
33316664663061356465626664653530303637333133366635366537636333383465343131356239
65316633336531356265326364363766663935643330333234356631396662623935656463323330
63636664653361346263393633346632336330333330663230643239653466366436353230323965
31613632313561353630396533663735646261316330616235336234623932613632363738643731
63333362396531636335343438363232356432313934383265393936663132393638356434613966
64323533303761316236623336663533646263623034653633613464376365333665666236646137
32656637326365363764383634636331396664626361373533373532376663353561663034613137
30386664306538616631313461623138386435383961623831616638636337326438653930333239
35386430393237363330323565353464323366626234393637636461346335643634663265393533
64306631623065393861666239353434656330353033373563353536313061626261336336383632
32636230386265636266613563663562316462613463613063333037666232623336613863353332
33393263636534326536363038343138343231616637393038383937313334646237366137353234
30383936633232326163653662303735326338346666633939316138393764356531663732346563
31663335366439363161353835393065613536636330393038303036396464323838656430393338
61633962623666336330393737386236653033396233326365383936343566663463346664313034
33333234363735623061626262353939656334346536393739393331633439633136313266366237
61316232316535326134326539613938303535623532323236366266323036653864306334303765
64383763393033396131643535386263393332366332333936313432623364343733353236386463
35666365323066303238356439316362333761323738613330313731333236333833353434653337
35356234663565356136623133323662636631636133323037373139363764366364656634313736
63303839323463353465356634396436663933396236336166313066386634336434373865636438
30663736333565353362303534653438646465666230313833333135383462623865343566653761
64626535386238346234656263626633656231623663393734386232303566323362396262343934
34666565313966363561363335383830333438393165623536333765643530316464333736346230
66646335383364353736666537313165363234303865623435633033303130306534633431626133
34663665373938393830396163336364623363346264313330663730333537346135643139316136
37393065323264393761663261383766366665316535353164383633326464653462656331663535
36636339663831636238616632303931666662633637653665303531373534663862323537663861
35323430653138353238313133663437376661626636386134373664383230393761346132666437
31353063636531316366326430666532353037636661613631356266336133616635656337613137
65333136353164653032373966326538393335613635326331303634393462373562356165346562
30306234666461383166643333383134353831323734343666363666633038633563613162623337
35653035393537326538393930343630663464666438653263353466353636616266303033333531
34396561656663366131353936333131643064326566396464623831616138376466643436343566
64336230343931346533323164326635323361626237383265616639646637626139613166316362
34656265326465363534323230393563336335303564656236383139346563316362346331396635
35313936383364333761663862353733643134363339343761303730396565646336656130393235
63353565333133343766343165653230363961623866383161653166383437366433623164363034
62313438663966383434313964333339313630383035626363376630393633366335353735333165
64386563653630363464623764623964373337303861663334336239653265616431376438633266
62656364363938633038326430623866613539316635303236353934623734356362356436636336
65393939346137383662343532636134343766323736616132306133326432633833326461383261
35393462646333616461396565383466633739343938373931333861326231343233336165333362
34623239393462383866373731366162346161303461396266333061326137363662383234383061
64666663343463393833356236626366386564623934316565393434326565336533636566306530
38326636633864396165613939653530376139633061383466653961353866356566363861613138
62303065303039383563373235306632396334306462633661346462666234643935393433306437
66303931646531646333633362313961313032646336656465306165346437343531323333326231
66323763313236383339656639643635663466653531393062306663666238623433343661613162
38343561376563323365616330313164393162333739303730333833323639653636303832313365
32323032333237366130376138646666636661623933303361326638366534383461666236323163
63323935333036626330353438636331353066326537646133643139313965393361653137356234
38306234356330316263366438653261663637343735333538376630356363373237633933333837
36663361663137656561353564363831323163343739656665343330326134666336626461353561
61643234346564323139353661373264626139336362313130303035633465393461393162393162
32353333613733616432646431373764313431626134303961646133353638383931623865333330
37663533663165353432393336616231646262393961343831623065386535386530663965666336
31303262383134336636656630343536653236386131343531303039666366336263396235353461
39363965383564316264373134376639663336653837383864393733366238383231303034373061
64633531396163336164326436613333623530366333313531353665303964353436336337626365
38646561643664633838323537383435396239363763626238326361616331633839376162633836
36373064613534333530326335386432663762633837363731663534323535653664323564376532
34323738313436343236343165323966376536363934663133366131323033376330326462373765
36303862373334646637623839316235323366623037623730326566393537373664323832353330
64656134373561643663356339343938343233623661326562396365303333646532643639343531
31633761366133306230366536656233333165663262643138323963666665336438306665646538
38646661663865386434623437633039373933353362386464616532363264313636363938613264
39363735326236626532633433336237376665393434393436366261623161313138336532356331
66376433313635323530336538613732626333663661343434313866643234356636366231623266
36343837363236316236326561356563623965363032666565623038613465313963633833633464
66323536373030643062666531393361306461616136353663383932613830343266663064393834
31396164303334306165386661313535346534636163393233383735396436626533656162303066
39623238316337383664303534343861633464636238626265383161636530663630383933383662
32653261623435653937386234333763346430303037313734643563646364353330323266306132
62643737623935376362633733653038353136366239386363653761386333313361363735383130
36393861363562376131653064316263396661613562316363613730303835343465306430373130
35373433313539656535633739346463663664666565383933663332396666346434643861306163
30616364613432353539626665383433623736616430646466336165636236336661663535383032
36646466313665376364383032323730333661366562623130663035363466393836356137383535
39656136303265313135626365633861646139373031393838353938666630386163336234626631
65616236623232316533343131303136626639666338303733646564626135633265383065623636
3538323335363263313164346136643464323532646233346133
